receptor times:
 [1] 1631169000 1631169900 1631170800 1631171700 1631172600 1631173500
 [7] 1631174400 1631175300 1631176200 1631177100 1631178000 1631178900
[13] 1631179800 1631180700 1631181600 1631182500 1631183400 1631184300
[19] 1631185200 1631186100 1631187000 1631187900 1631188800 1631189700
[25] 1631190600 1631191500 1631192400 1631193300 1631194200 1631195100
[31] 1631196000 1631196900 1631197800 1631198700 1631199600 1631200500
[37] 1631201400 1631202300 1631203200
designators:
[1] "mb" "mc" "md" "me"
Reading all footprint times...
footprint times: 
 [1] 1631169000 1631169900 1631170800 1631171700 1631172600 1631173500
 [7] 1631174400 1631175300 1631176200 1631177100 1631178000 1631178900
[13] 1631179800 1631180700 1631181600 1631182500 1631183400 1631184300
[19] 1631185200 1631186100 1631187000 1631187900 1631188800 1631189700
[25] 1631190600 1631191500 1631192400 1631193300 1631194200 1631195100
[31] 1631196000 1631196900 1631197800 1631198700 1631199600 1631200500
[37] 1631201400 1631202300 1631203200
background range: 
[1] 1631143740
[1] 1631198580
background bins: 
 [1] 1631142840 1631143740 1631144640 1631145540 1631146440 1631147340
 [7] 1631148240 1631149140 1631150040 1631150940 1631151840 1631152740
[13] 1631153640 1631154540 1631155440 1631156340 1631157240 1631158140
[19] 1631159040 1631159940 1631160840 1631161740 1631162640 1631163540
[25] 1631164440 1631165340 1631166240 1631167140 1631168040 1631168940
[31] 1631169840 1631170740 1631171640 1631172540 1631173440 1631174340
[37] 1631175240 1631176140 1631177040 1631177940 1631178840 1631179740
[43] 1631180640 1631181540 1631182440 1631183340 1631184240 1631185140
[49] 1631186040 1631186940 1631187840 1631188740 1631189640 1631190540
[55] 1631191440 1631192340 1631193240 1631194140 1631195040 1631195940
[61] 1631196840 1631197740
done
Background Influence Matrix dimensions: 
[1]  4 62 39
